 -2.81647741  -2.46933572 
 -2.21581187  -0.12160931 
 -1.16929666   1.60551596 
 -0.26079309   0.09655145 
 -1.73007200  -1.01745014 
 -2.50738132  -2.46253546 
 -2.14364182   0.08107247 
 -1.46620942   1.77799346 
 -0.39759081   0.46190074 
 -1.66772091  -0.97781608 
 -2.46481240  -2.52352955 
 -2.22831208   0.24997384 
 -0.74995187   1.58483481 
 -0.25302637   0.31822519 
 -1.48439085  -0.69588561 
 -2.65135579  -2.65935364 
 -2.29673464   0.25570526 
 -1.06051113   1.74775251 
 -0.46254871   0.56017728 
 -1.15468558  -0.73166564 
 -2.80529796  -2.52233445 
 -2.41274303   0.12357453 
 -1.30608501   1.89548642 
 -0.05451671   0.77086107 
 -1.37681554  -0.90978969 
